84964980506
84354544456
84944620602
84358558883
84971809396
84393681112
84989716907
84789306678
84862852112
84394561296
84792927219
84902305504
84988961171
84354617145
84366968567
84963164361
84965308856
84911244150
84866819453
84349772511
84964810419
84948330242
84907587602
84962582929
84985642207
84796617747
84398396239
84362273074
84356645999
84387383487
84987613535
84788633676
84977409645
84973702164
84373720966
84963288228
84963929222
84764709296
84934503123
84947554286
84352268502
84563523952
84965061542
84965362567
84965948673
84937090597
84964674609
84776371049
84967877454
84972690617
84865171240
84336962624
84905201525
84386640382
84376774512
84397602588
84978001719
84934167377
84937401925
84336241300
84384066994
84367774677
84388883423
84964193227
84384233028
84964218154
84965643044
84818992692
84798542289
84963452408
84937616343
84932961994
84362377123
84904505152
84918377303
84964004673
84899813354
84963324735
84979418294
84964829882
84395715756
84985099266
84911310744
84976122897
84563077385
84342921999
84369000280
84334983806
84965868313
84964292641
84386886116
84968417931
84865649225
84865308659
84988988994
84905977773
84966406376
84973743267
84904209411
84386450424
84868235678
84349655188
84965508994
84336774041
84965798988
84378040314
84355783461
84961979763
84971604257
84912618876
84522448192
84932320699
84981591597
84966106350
84399173199
84904854451
84367405503
84362096191
84968673988
84867752534
84975833848
84898340399
84364934971
84931509840
84925983432
84839424846
84965003120
84966178536
84332107584
84978519696
84948490318
84523408332
84343312697
84328647558
84762954114
84346000057
84966096221
84962502185
84966036194
84964886182
84963768526
84708078485
84963469993
84965869282
84965166155
84963205227
84981776766
84964961345
84963017654
84987888148
84333200832
84832123233
84934681339
84935966752
84935791186
84975404886
84862614432
84372995075
84383766211
84968279125
84912842201
84855324397
84375704114
84962578838
84338663263
84363288970
84899644001
84939358614
84795960868
84943973528
84354765766
84392655717
84962923866
84936222425
84962686783
84988799497
84936310936
84327138659
84902610294
84797919267
84373474919
84962995131
84986041825
84345605223
84962674106
84983483993
84971766862
84901541865
84976152315
84941990969
84332505342
84382490597
84982249495
84962989845
84354034561
84868726766
84969295854
84965420410
84975736552
84986165619
84976502396
84909763212
84967633020
84345671439
84358551796
84977847245
84939773065
84815204728
84964485605
84799794186
84705916963
84963911889
84363532924
84962872519
84868059895
84366255125
84333338729
84333932631
84964935920
84935941062
84372339095
84938636663
84399246462
84922916532
84965057077
84968218771
84372925945
84965773117
84985885597
84348648295
84939359002
84795805223
84967468565
84868467504
84983115398
84886268797
84964102142
84963311983
84383352835
84968386462
84972746323
84965698144
84909330242
84971868293
84819321913
84865662313
84326337523
84962061518
84359851423
84985508490
84962990672
84963681752
84943008664
84398112213
84961990312
84397130761
84909094282
84964151332
84862119446
84372322204
84963896484
84962715023
84915529118
84903999855
84374733009
84983824004
84968405450
84866629194
84839237078
84987945791
84345257525
84565450482
84868746314
84362584950
84978907715
84898930645
84971909588
84967430403
84978436525
84989174713
84964470208
84336663007
84334936903
84833909589
84965236298
84784248855
84376240982
84915975263
84966092345
84398746138
84916335524
84987315136
84982939209
84987654974
84965315691
84347615345
84919669608
84977000390
84869628222
84987978196
84836751691